lastNum = 7473000
lastEllapsedTime = 60.41838526725769
lastFoundPrime = 54
lastTimePerPrime = 1.118858986430698
