lastNum = 6494000
lastEllapsedTime = 54.01956868171692
lastFoundPrime = 59
lastTimePerPrime = 0.9155859098596087
