lastNum = 7619000
lastEllapsedTime = 68.08626079559326
lastFoundPrime = 62
lastTimePerPrime = 1.0981654967031171
