lastNum = 7058000
lastEllapsedTime = 62.95886588096619
lastFoundPrime = 61
lastTimePerPrime = 1.0321125554256751
