lastNum = 6749000
lastEllapsedTime = 59.33941054344177
lastFoundPrime = 62
lastTimePerPrime = 0.957087266829706
