lastNum = 7361000
lastEllapsedTime = 66.16232228279114
lastFoundPrime = 63
lastTimePerPrime = 1.0501955917903356
