lastNum = 7563000
lastEllapsedTime = 76.61093020439148
lastFoundPrime = 70
lastTimePerPrime = 1.0944418600627355
