lastNum = 6980000
lastEllapsedTime = 67.88312888145447
lastFoundPrime = 66
lastTimePerPrime = 1.028532255779613
