lastNum = 7023000
lastEllapsedTime = 64.83209228515625
lastFoundPrime = 65
lastTimePerPrime = 0.9974168043870192
