lastNum = 6842000
lastEllapsedTime = 58.47575306892395
lastFoundPrime = 60
lastTimePerPrime = 0.9745958844820658
