lastNum = 6830000
lastEllapsedTime = 59.894078731536865
lastFoundPrime = 62
lastTimePerPrime = 0.966033527928014
