lastNum = 6914000
lastEllapsedTime = 69.26888394355774
lastFoundPrime = 69
lastTimePerPrime = 1.0038968687472136
