lastNum = 6462000
lastEllapsedTime = 64.8323380947113
lastFoundPrime = 71
lastTimePerPrime = 0.9131315224607226
